Test Loss: 1.7365845441818237, Test Accuracy: 0.4010066092014313
Classification Report:
                        precision    recall  f1-score   support

            electronic       0.43      0.39      0.41      4546
                  rock       0.41      0.78      0.54      5900
folk, world, & country       0.22      0.04      0.07      1319
             classical       0.50      0.15      0.23       548
                   pop       0.23      0.13      0.17      1500
            children's       0.00      0.00      0.00        21
                  jazz       0.27      0.10      0.15       911
                 blues       0.70      0.01      0.03       504
           funk / soul       0.30      0.01      0.02       627
        stage & screen       0.00      0.00      0.00       118
                 latin       0.00      0.00      0.00       143
               hip hop       0.44      0.03      0.06       692
                reggae       1.00      0.01      0.01       198
             non-music       0.00      0.00      0.00        51
      brass & military       0.00      0.00      0.00         9

              accuracy                           0.40     17087
             macro avg       0.30      0.11      0.11     17087
          weighted avg       0.38      0.40      0.33     17087

Confusion Matrix:
[[1771 2539   24   17  159    0   26    0    2    0    0    8    0    0
     0]
 [1067 4611   36   11  126    0   38    0    5    0    0    6    0    0
     0]
 [ 190  885   52   15  123    0   51    1    1    0    0    1    0    0
     0]
 [ 130  253   20   84   36    0   24    0    0    0    0    1    0    0
     0]
 [ 344  873   32   14  201    0   27    2    6    0    0    1    0    0
     0]
 [   6    9    0    1    3    0    2    0    0    0    0    0    0    0
     0]
 [ 211  497   22   13   70    0   95    0    1    0    0    2    0    0
     0]
 [  62  334   19    4   37    0   38    7    2    0    0    1    0    0
     0]
 [ 120  395    8    2   61    0   29    0    8    0    0    4    0    0
     0]
 [  22   75    0    4    7    0    9    0    0    0    0    1    0    0
     0]
 [  35   81    2    0   20    0    4    0    0    0    0    1    0    0
     0]
 [ 139  482   15    3   26    0    4    0    1    0    0   22    0    0
     0]
 [  27  155    1    0    5    0    7    0    1    0    0    1    1    0
     0]
 [   7   35    1    0    6    0    1    0    0    0    0    1    0    0
     0]
 [   0    9    0    0    0    0    0    0    0    0    0    0    0    0
     0]]
